[FLT1000]
SMOLT  34.5800130555556  143.516400277778  38000    0  0.83  120241
SUNNS  34.8044463888889  141.737792777778      0    0  0     121634
SHOES  34.6138894444444  140.671416388889      0    0  0     122518
PQE    34.9463894444444  139.895302777778      0  250  0     123345
UMUKI  35.2052777777778  139.813611111111      0    0  0     123734
KAIHO  35.3158563888889  139.778345277778      0  180  0     123926
AVION  35.4102844444444  139.851402777778      0    0  0     124138
ALLIE  35.4436236111111  139.851397777778      0    0  0     124223
AZURE  35.4725133333333  139.830852222222   1500  150  0     124310
RW34L  35.5364100000000  139.785566944444     65  133  0     124507


