[FLT1000]
SMOLT  343448.47  1433059.41  38000    0  0.83  120241
SUNNS  344816.07  1414416.54      0    0  0     121634
SHOES  343650.02  1404017.99      0    0  0     122518
PQE    345647.02  1395343.90      0  250  0     123345
UMUKI  351219.00  1394849.00      0    0  0     123734
KAIHO  351857.83  1394642.43      0  180  0     123926
AVION  352437.24  1395105.50      0    0  0     124138
ALLIE  352637.45  1395105.32      0    0  0     124223
AZURE  352821.48  1394951.68   1500  150  0     124310
RW34L  353211.76  1394708.41     65  133  0     124507
